60.399407018893235, 5.305819232616428
60.39345263425803, 5.322047087178796
60.391030096526435, 5.337120717304692
60.578188508347985, 5.027346085648134
60.34221398349024, 5.351697124504672
60.35317555936041, 5.355639365815832
60.280637814781294, 5.240952366885224
60.39499954675985, 5.343153575830872
60.25777106175638, 5.269306044035077
60.363620661559395, 5.352524703804339
60.689805285515874, 5.885801515128441
60.5847779101262, 5.756531798298766
60.546790628188354, 5.1311814614149736
60.39888756329611, 5.29875349665344
60.3302247662753, 5.333742963197051
60.330742018499485, 5.34079458909593
60.32672850263466, 5.334786438332952
60.395516627011105, 5.350219402871511
60.38339515370403, 5.281841737042941
61.005111226757485, 6.512987274787471
60.4068738307557, 5.3108003979223755
60.38507164640444, 5.353338835003527
60.30722684404121, 5.311889537129755
60.37342808509437, 5.292054637737628
60.34273034422164, 5.358751713541435
60.373186122281325, 5.38565487277492
60.376923878829565, 5.291004606834636
60.30670817889301, 5.304843585420423
60.34015138322784, 5.323570646223475
60.34416543807489, 5.329579690291977
60.369174328251084, 5.379633606886098
60.384435330084656, 5.2959660458612445
60.35810590780823, 5.32541228626093
60.347252075462784, 5.3717322313757885
60.34622684829921, 5.357710125864975
60.3800237252175, 5.333194628876246
60.347617382745575, 5.328548146718999
60.40621817351238, 5.253391616382662
60.2255753277211, 5.171547848961534
60.35019521447468, 5.363737773977845
60.35007707826387, 5.313391892427723
60.365571919847675, 5.3303925838175505
60.374460505800926, 5.30608569001006
60.40658052829666, 5.210028392369351
60.30130836407173, 5.327966330910028
60.22084430210117, 5.108505959996407
60.32466264161426, 5.3066746959886375
60.359651754678175, 5.346496135160048
60.2628201107755, 5.28927645583297
60.39591108241559, 5.306868633464088
60.388568072002045, 5.352294876753654
60.32724568184504, 5.341837332080608
60.37601621880613, 5.327268275129434
60.410075444378464, 5.208968149924014
60.305277798667014, 5.333982403054364
60.331252358956306, 5.34775720831013
60.38197146182323, 5.311050355405803
60.383008524978315, 5.325175278010163
60.38558160068656, 5.360313307024925
60.48105883627105, 5.548249245731953
60.333159065317446, 5.32566035265077
60.35769768549161, 5.36862346444513
60.33057159728953, 5.290493054129205
61.05738684216863, 6.6089227752823625
60.315079119949644, 5.273617830022137
60.37756204131322, 5.348363811718561
60.260745936068425, 5.261223342259904
60.385467449239314, 5.310001996172576
60.34066922507428, 5.330624200590221
60.418739657955946, 5.278423817101547
60.56685339123997, 5.703838865326187
60.414050457012294, 5.214988055046428
60.36763358782446, 5.358541532002655
60.46144215119579, 5.229446580812523
60.39874951176041, 5.248423984076618
60.37256430205071, 5.32830114268747
60.36464660940485, 5.366554063573544
60.43951931193356, 5.221720772259846
60.549896417915456, 5.715998433775373
60.358213226550255, 5.375681752124171
60.31973593728417, 5.336872610533176
60.37989945909924, 5.282893025357175
60.40256774135062, 5.204113267774615
60.389482288105796, 5.31601717654895
60.387533829805506, 5.338166406414264
60.27714249429252, 5.242003648781003
60.31266793402922, 5.288746821603088
60.33769039674112, 5.338721532587862
60.37497944869766, 5.313146290952377
60.27416232961, 5.2500031263928335
60.260224823463076, 5.254188447638765
60.41859315035183, 5.228064258382971
60.27831007675232, 5.306134574664821
60.20394688878929, 5.120823817295569
60.21093503433588, 5.118701430944247
60.3859862401337, 5.317065061881397
60.351113570484515, 5.327503119946665
60.375136291728836, 5.363428251227115
60.35667202564285, 5.354597003709705
60.310565514625026, 5.117051423010313
60.31818917216031, 5.315815098394272
60.34813499841896, 5.335603417406321
60.35163125926366, 5.33455912381794
60.31909518803841, 5.279616138369467
60.369579248471, 5.336317549045276
60.30424901690401, 5.319979855469266
60.54987853455265, 5.564170587354507
60.30269324100054, 5.29884419252152
60.363103864893546, 5.345465732096204
60.37462655269912, 5.356455947160513
60.37307550543484, 5.335272423348514
60.373592893144185, 5.342333337969399
60.353691766318256, 5.362696404742222
60.32569303060012, 5.320685429171943
60.26617870573279, 5.238106800726713
60.33510626696991, 5.303547988375518
60.33963316999527, 5.316517351776507
60.36906811730916, 5.329346993400027
60.371639743596205, 5.364470448078038
60.25639179919474, 5.2983884559054655
60.34571041464246, 5.3506548037185135
60.30954946166538, 5.246560093751195
60.37847546164143, 5.3120984536354605
60.30567631322658, 5.290841642623461
60.3948785274004, 5.292828319364795
60.384554784452085, 5.34627520499368
60.296816398551066, 5.171465684705289
60.29332181846304, 5.172525072528244
60.37565219620172, 5.3704902016866285
60.38907809836935, 5.359270074830679
60.349679080422554, 5.356681468595315
60.387411183170826, 5.28785294517786
60.257250392548904, 5.262271617223657
60.36997652935035, 5.293091120711379
60.38351994420591, 5.332148725561169
60.31559948282734, 5.280664927514378
60.3432463334308, 5.365806561635558
60.3656776091514, 5.380673816044272
60.36814318282031, 5.365512385496753
60.39959065713298, 5.212148085135323
60.43602427714445, 5.222780913877821
60.31870075751303, 5.322774528400601
60.422755993880436, 5.28444073921577
60.34709939555909, 5.321493135958145
60.366082978802446, 5.337362414618168
60.36068483208152, 5.360612888720511
60.34169725126381, 5.344642794698278
60.403422099333916, 5.311836303419553
60.332640998389444, 5.318608523004532
60.390000780211395, 5.323081238264739
60.36968934300844, 5.386694606159819
60.36207570966996, 5.331437914030588
60.73154463686666, 5.975662795570022
60.3587283958051, 5.382740298702345
60.38093948850963, 5.297015865166461
60.39206448492271, 5.351250658449102
60.29107945495588, 5.237810273934425
60.40220059097963, 5.247381561284702
60.39396426946519, 5.329022703149252
60.37061350579781, 5.350438169435827
60.414246024806026, 5.265326668459559
60.45794704671838, 5.230506836827943
60.361709897910636, 5.37464132325016
60.415098037875055, 5.229122819010232
60.36855006369638, 5.32228733030509
60.341186695507254, 5.337678014703896
60.458169258972525, 5.576567483222341
60.352658980730425, 5.3485825862160805
60.446982369299995, 5.226597960396197
60.3061891429169, 5.297797893508423
60.34674291038354, 5.364765707158895
60.35512750740698, 5.333514570385721
60.277797823555254, 5.299184070742468
60.37267103474191, 5.378593138733072
60.2898714607738, 5.173570792391565
60.39154747683634, 5.34418555771736
60.21735034951026, 5.109568794442765
60.30865228382695, 5.282748456561287
60.31921853294172, 5.329823439777111
60.37410990890805, 5.349394512631236
60.303048651437706, 5.1121416581863715
60.38701615047478, 5.331102561760948
60.39822701483895, 5.241359604497398
60.377044953410795, 5.341301911692539
60.306575792789204, 5.2546566134826405
60.32970714278733, 5.326691596775546
60.414574433560915, 5.222055305074396
60.41476733177738, 5.272395028761274
60.380541258243966, 5.34025700351756
60.39257458339041, 5.358226582753363
60.36711709001369, 5.351481566463403
60.38391542787156, 5.288903760645767
60.343647523103165, 5.322525403175335
60.38157520813358, 5.354382533289262
60.42558333640416, 5.225946345558131
60.422088249862796, 5.227005433929587
60.35615537404156, 5.347539490483106
60.38079481612207, 5.246624923757943
60.40606259723728, 5.203052563775091
60.410599719955854, 5.216034409812433
60.57629184303893, 5.049638974016372
60.36505393941758, 5.323333654770139
60.40290294258651, 5.304769570311555
60.380419659756555, 5.289954314501008
60.37616772862021, 5.3775524114950315
60.54837013229572, 5.152375602982428
60.26268340748679, 5.239157770919915
60.38403755037679, 5.339211835121668
60.28408887806992, 5.23991413632094
60.38105841922513, 5.347319638379767
60.38689083547756, 5.280790186942662
60.410235518549385, 5.259403142355279
60.2278321678218, 5.106379501193314
60.37113007659103, 5.357498869383353
60.58031862906577, 5.055653898305821
60.37204617523982, 5.32124074537168
60.44297009303286, 5.220673790777831
60.376527493513294, 5.334240271796848
60.21442908742302, 5.117639843566494
60.31857475172856, 5.272568309881562
60.35460974550666, 5.326457833157454
60.25970994422963, 5.2472428576539745
60.42326974564547, 5.29142184736273
60.36016847926612, 5.3535543821867195
60.36413708640311, 5.359583935108754
60.34658103688687, 5.314438385296703
60.42955107114999, 5.231881612659447
60.43304620501136, 5.2308227267039875
60.245385055831626, 5.294487506024369
60.3070715184898, 5.118117211292689
60.394482094235414, 5.336088009198839
60.37215557517112, 5.371531663776243
60.286902316160145, 5.181668483403277
60.323232226303034, 5.335829654081629
60.36222513995195, 5.381700603987977
60.30255872062259, 5.248663661467399
60.32152536399876, 5.120821772448628
60.36155780240711, 5.324379718857436
60.359134658344985, 5.3394381478137785
60.38249017940764, 5.3181126862929515
60.35420107433928, 5.369664368316221
60.46895592040691, 5.234404606419239
60.365162295229915, 5.373613810269797
60.35059551014213, 5.320447376092258
60.480503124923764, 5.490694521773961
60.4534550809575, 5.21749099565513
60.34312923669519, 5.315471376068831
60.32116665685017, 5.307720829489531
60.36119428401534, 5.367582301501564
60.39086267582589, 5.286815174416301
60.378994105931326, 5.319160049874439
60.361039523431145, 5.31732178397147
60.74904398394555, 5.461513996747327
60.349162574748476, 5.349625422449239
60.345193609440535, 5.343599740892573
60.366600220330575, 5.344421860610775
60.31007123047317, 5.253605429287235
60.35563835074524, 5.340482236846586
60.35471654257662, 5.376721922099058
60.31628389264458, 5.337902110697779
60.53927324295364, 5.126237638058724
60.37549801970853, 5.32020715271663
60.36893619532453, 5.27897318994259
60.35862374284512, 5.332469757019292
60.58938553989214, 5.081816515206432
60.304760314493066, 5.326936407205615
60.35718830552178, 5.361654776353161
60.35758770110775, 5.318355075700361
60.32168524285569, 5.31476995632482
60.39435840564478, 5.285763838764204
60.388051136990384, 5.345230511469742
60.36258669643291, 5.338407020157684
60.3486456974797, 5.342569635712735
60.37009656308202, 5.343377729265324
60.457423296849555, 5.223429984606057
60.39837431791418, 5.291777457069696
60.36865894151264, 5.372572866607226
60.33665523063134, 5.324615629351849
60.31803133357563, 5.121887631313408
60.31214801448507, 5.2817001851922525
60.36945654820084, 5.286032024615458
60.28758417295694, 5.2388623357020645
60.314581518471634, 5.122939738583756
60.336137090558765, 5.317563067391613
60.35409161199295, 5.319401356036492
60.255872677673004, 5.291353712966537
60.37807875719321, 5.355425971701356
60.37668288895706, 5.384614880478653
60.37238760595122, 5.277935257758912
