60.342824439359184, 5.4089986486381285
60.37886380815307, 5.513389483655101
60.387412716911484, 5.582861538218543
60.34879693116033, 5.392901294477097
60.36689474223086, 5.495354503158123
60.34690770300583, 5.46527450359165
60.332890667469236, 5.4191463653734
60.34683486041219, 5.41501908464443
60.22787213140977, 5.493005501364617
60.39140950400396, 5.588822488338585
60.342899430324834, 5.459247632850887
60.36435130957198, 5.4601331903076025
60.316384978401864, 5.388107342712471
60.33237755929727, 5.412092639545576
60.3302247662753, 5.333742963197051
60.863115931423195, 6.295757469870614
60.359751109402445, 5.3967688110088075
60.32672850263466, 5.334786438332952
60.29749479482505, 5.422406790347497
61.05387857040572, 6.609856988333992
60.33109114438945, 5.297543846390079
60.338813779165136, 5.402979679675524
60.86077325244341, 6.2599107403101275
60.3758736133615, 5.521480901443909
60.33932740297458, 5.410034604994427
60.34015138322784, 5.323570646223475
60.38939608439598, 5.560633960394017
60.31988180040109, 5.387070004901181
60.369174328251084, 5.379633606886098
61.05783951736827, 6.616160953101043
61.002105720360724, 6.521141842477394
60.35810590780823, 5.32541228626093
60.34035353573193, 5.424145228469821
60.347252075462784, 5.3717322313757885
60.31544907957714, 5.424302983790914
60.36026516779027, 5.403828129974325
60.3111070628858, 5.267607694019426
60.34435681229528, 5.430077847107081
60.33727719633767, 5.38190574291197
60.36790566225126, 5.509391166891153
60.32746169161497, 5.104685845174422
60.360407628141346, 5.504471119293989
60.32466264161426, 5.3066746959886375
60.32724568184504, 5.341837332080608
60.32436286330966, 5.400148268839456
60.331252358956306, 5.34775720831013
60.31894627566798, 5.423269555011172
60.31059262854424, 5.260651026001553
60.333159065317446, 5.32566035265077
60.33522108321015, 5.353780988475985
60.307473341103695, 5.4122590199199525
60.38433983336893, 5.490225102721458
60.35173486972144, 5.384818912043854
60.334405137869034, 5.102562895848964
60.348366339218714, 5.436101244304775
60.34231074300503, 5.401942989928826
60.351863639415, 5.435067698890359
60.33573729813696, 5.360834111812303
60.34128874963585, 5.387921750472614
60.31473734303554, 5.316846756005262
60.33280078783902, 5.36891440819034
60.33625314164181, 5.367887494025918
60.369373653120746, 5.480200010216403
60.355746363763345, 5.390837805918626
60.293095693916335, 5.459596930849335
60.35275729440534, 5.398844506797615
60.32487006446555, 5.40711075312663
60.333309666304686, 5.3758780465609854
60.32608656002626, 5.277517777972881
60.36339683162788, 5.49638222040321
60.34085955949393, 5.431111612042028
60.33084251728757, 5.391022283980022
60.310565514625026, 5.117051423010313
60.31818917216031, 5.315815098394272
60.36587589889087, 5.4812294545051135
60.359243193228956, 5.389799104006259
60.31741320671102, 5.402207156301204
60.331610320312535, 5.3045948990783955
60.35938981704487, 5.490348500047991
60.30047915128354, 5.4143270131679895
60.22888835219395, 5.507071614546646
60.500019721844886, 5.5643129158240034
60.37544604162291, 5.564706131914042
60.33186407961355, 5.405039171210029
60.33638780121616, 5.418111654143955
60.37785320132168, 5.499347942326383
60.922079738023584, 6.381802815505745
60.321930567477885, 5.415184332537312
60.357281807857376, 5.4119242155875895
60.33510626696991, 5.303547988375518
60.33963316999527, 5.316517351776507
60.3139162270168, 5.403242772365437
60.296104969891196, 5.1142598808529485
60.34571041464246, 5.3506548037185135
60.3503319442505, 5.4139833465053
60.34385071705528, 5.4231107391631515
60.32384879056776, 5.393096777960208
60.296593264756616, 5.45856820772795
60.34632146320995, 5.407962434521921
60.31143919637309, 5.4182868157848905
60.3432463334308, 5.365806561635558
60.34785405260843, 5.429043824929997
60.30645278409867, 5.398252282091751
60.354923528122555, 5.477332651008726
60.379822566643966, 5.477123180925011
60.37683467245792, 5.485217985377768
60.31870075751303, 5.322774528400601
60.38383023865594, 5.483158779964647
60.34709939555909, 5.321493135958145
60.34169725126381, 5.344642794698278
60.332640998389444, 5.318608523004532
60.36207570966996, 5.331437914030588
60.331440761282714, 5.110678156866626
60.30295583946075, 5.399287861000552
60.32039617277426, 5.394120514958787
60.30593870112818, 5.391204690095445
60.3170178216038, 5.251515591646231
60.31041923478746, 5.404278131039989
60.34180318452827, 5.394976896410703
60.34077394316283, 5.380866862811827
60.34341008989754, 5.466304608188953
60.34025876513638, 5.373812233601446
60.335874620580064, 5.411057195180298
60.37267103474191, 5.378593138733072
60.34828235093307, 5.385844681595247
60.49850631845929, 5.543124416931692
60.35084504218855, 5.421040988220333
60.30865228382695, 5.282748456561287
60.36129216880208, 5.417947542354327
60.2403470557102, 5.518003220922172
60.354804227285214, 5.426988105504553
60.32970714278733, 5.326691596775546
60.34333776405164, 5.4160545651073315
60.353784748915785, 5.412960466083642
60.45501765460661, 5.4333056475652155
60.3738462494108, 5.493311317875301
60.32867734604301, 5.312678892658162
60.343647523103165, 5.322525403175335
60.34776739902482, 5.378788327170404
60.335625144932905, 5.310600033453128
60.36670060995435, 5.394705228803698
60.33944614984211, 5.46026517134799
60.926933386279266, 6.402473270610636
60.343755426606556, 5.372772361845327
60.38033246174887, 5.484188510913528
60.31195187099672, 5.425336155697169
60.381853474438785, 5.505296593199738
60.32785980553548, 5.39911188333137
60.32091017386649, 5.401171282757834
60.33974974384897, 5.366847157227905
60.33536106838202, 5.4040029937984695
60.3688700597206, 5.4732265367291095
60.387283727752695, 5.482141831862193
60.33228501624152, 5.361861749384194
60.338941659907256, 5.453298491805047
60.340862709371144, 5.093376545880497
60.528425487768814, 5.563222024467355
60.35625420818576, 5.397806788048785
60.33779193011606, 5.38895989745043
60.299598930803974, 5.1131941542119606
60.34981847452319, 5.4069259625561505
60.35460974550666, 5.326457833157454
60.23634793960345, 5.512077186057611
60.35735619480848, 5.462195701822902
60.377344123096464, 5.492282835741533
60.33912115208635, 5.309553594711944
60.37071174903999, 5.40072799309391
60.38484905556776, 5.497291681877947
60.323749332515014, 5.3428798158507105
60.33676209105603, 5.374851846734073
60.34658103688687, 5.314438385296703
60.34530006412828, 5.393939224540858
60.3070715184898, 5.118117211292689
60.33830629236404, 5.396014310176395
60.35070445056209, 5.37070501320493
60.35593623051125, 5.491363430410013
60.355231639060364, 5.383779734690974
60.33470449688862, 5.346728124189856
60.37282711982654, 5.479183345324113
60.376324849433004, 5.478153391409306
60.32152536399876, 5.120821772448628
60.331356735211635, 5.398075240076693
60.327345660210135, 5.392059659929876
60.36077885426585, 5.410887707147348
60.36155780240711, 5.324379718857436
60.31767065933746, 5.308766703005493
60.334853652334466, 5.397038338985819
60.36440760877083, 5.510417422350753
60.36324799805171, 5.395730575587805
60.349304633033746, 5.399868836546273
60.347347885875394, 5.422075992443167
60.3135224094894, 5.252567294981129
60.36376212907588, 5.402790628981788
60.32888048549152, 5.413127826418562
60.34580769429581, 5.40090604224898
60.320513220846365, 5.2504636269527865
60.34312923669519, 5.315471376068831
60.32116665685017, 5.307720829489531
60.392850350696996, 5.559624987968282
60.34478555657609, 5.386883345217493
60.31843345628351, 5.416218750725722
60.299458882283375, 5.400323182614071
60.336900610263264, 5.42516637051626
60.72445527529857, 6.028498573106988
60.339233827499676, 5.359793042160529
60.35471654257662, 5.376721922099058
60.35121984599345, 5.377761833264863
60.2935291789392, 5.416380900130969
60.30990545130858, 5.397229559258887
60.35758770110775, 5.318355075700361
60.352249521718875, 5.39187624936863
60.330327927932764, 5.3839695858925385
60.38779339361347, 5.48920888175366
60.31753936589115, 5.258562640392009
60.334339361796374, 5.389984650020983
60.22838042689143, 5.5000384312667325
60.339840655172566, 5.417089787983596
60.29997244920361, 5.407369569187223
60.30515654036987, 5.283796467528496
60.31092615053795, 5.411237732829635
60.353392015931576, 5.456154347007526
60.31803133357563, 5.121887631313408
60.33665523063134, 5.324615629351849
60.31214801448507, 5.2817001851922525
60.36187468120528, 5.475286621036428
60.36390562299852, 5.503444393244552
60.35040530370194, 5.464244142617445
60.34427067739311, 5.379827724261265
60.314581518471634, 5.122939738583756
60.32712003535493, 5.29152790259051
60.338717539678235, 5.352739186060461
60.336137090558765, 5.317563067391613
60.35409161199295, 5.319401356036492
60.331768873271535, 5.3548093493665085
60.32538339916647, 5.414162755888768
60.52147272669567, 5.5652630976409885
60.35837697335156, 5.476316278567646
