60.2229469389076, 5.279727562059234
60.214915457427885, 5.267765503769875
60.185656272344445, 5.305115897634113
60.20269394022559, 5.343017100727218
60.21724619292551, 5.395959441723151
60.211183644474296, 5.361944697779676
60.20101815758561, 5.128801639401618
60.783831080176384, 6.1719183637921144
60.071178831243884, 5.10772184375598
60.228106404649374, 5.349746665411259
60.23505507544816, 5.3476841018519545
60.20973863516254, 5.390996427334858
60.19822457136117, 5.186895550125179
60.22137292610021, 5.115529326068644
60.18926823938866, 5.354172454557655
60.225125735293474, 5.357813418505027
60.19929210061831, 5.394079520059075
60.20381560752741, 5.407098973094364
60.231093084342476, 5.341767450084699
60.21519547895987, 5.367936355502123
60.222659540668, 5.37290779133231
60.22100199808659, 5.30176424059396
60.215435619362346, 5.274790977782725
60.1915731685606, 5.289094192371802
60.20073801038651, 5.365037204745419
60.200463433420275, 5.264999840820547
60.16653836722652, 5.239372288838698
60.63776653338309, 6.0093726965007415
60.21935597095289, 5.474045738302007
60.22604571015596, 5.321718156670207
60.2012529489753, 5.372061682127722
60.15130110150958, 5.322495146508202
60.20304778557125, 5.299936248567494
60.77923042214129, 6.209593591150172
60.23160287580493, 5.3487089419885585
60.16328932410998, 5.340352887517688
60.14794966987136, 5.37346513066218
60.20848843741316, 5.276867320790142
60.1754196362585, 5.215284402193928
60.22965295651358, 5.370837478130791
60.81272124928109, 6.178419838491629
60.20540909159126, 5.478126726182243
60.23016122028352, 5.377779263822195
60.21229650398968, 5.426044725839119
60.16770870989373, 5.303375000018319
60.20022270240225, 5.358012983713293
60.2326344255143, 5.362770681295396
60.209224656413035, 5.383969741856366
60.16058320736097, 5.255402935533499
60.16894538866727, 5.2243089267703935
60.21513566917878, 5.174702689203701
60.15812823359108, 5.270473636915165
60.23402844648772, 5.333710953493093
60.705400183799135, 6.062892264880903
60.373470159971596, 5.637226773923493
60.21621831551098, 5.381902908380544
60.810943272561374, 6.25908802897969
60.188077297003936, 5.290136576299494
60.19579514249852, 5.39511106262321
60.21025224431017, 5.398023368658782
60.22913780903594, 5.363806950279494
60.19765371957096, 5.323073522466711
60.23181070062835, 5.11235487320338
60.20833142853178, 5.420033146479761
60.16822019040606, 5.310302326836732
60.19472977628961, 5.187949080623206
60.231189675262954, 5.391841595932755
60.14780486039721, 5.323532290819276
60.16601658147322, 5.232358000195161
60.20758032386201, 5.312943208779985
60.22008737203515, 5.337853952842807
60.2433429311125, 5.123131842484326
60.20912587022858, 5.333929610303975
60.17244058042771, 5.223260355341921
60.183298862790046, 5.37019502225157
60.23705891991262, 5.18235774695313
60.194773902053434, 5.381152641486226
60.22470935434711, 5.400937659454788
60.204468093342136, 5.127754971944769
60.2086088721935, 5.326904245426398
60.198164320944635, 5.330007566080036
60.8083169639631, 6.165123142398778
60.23360843037229, 5.183400054788976
60.160068896652945, 5.248478353220007
60.16833301025592, 5.360367731959642
60.20489975019373, 5.4710991639431805
60.229588670310264, 5.177428760547305
60.19775621965159, 5.373095648805204
60.20154560450388, 5.135821201192686
60.232482485704324, 5.312708646105267
60.23351131010015, 5.326680263746289
60.234686580872356, 5.390808227682429
60.19630846332522, 5.402135108467983
60.20666228303432, 5.349018013277409
60.236489959554774, 5.318608697063532
60.207962246024785, 5.126694624852667
60.1882362201456, 5.340129622425041
60.21495051206765, 5.124573142857615
60.186174307303574, 5.312135903136969
60.16781761968989, 5.3533505256150224
60.199805493731446, 5.4011042918165275
60.20890689880879, 5.4771036192500615
60.21145638560122, 5.12563401518722
60.19105388612261, 5.282073517299411
60.210558248592, 5.304877108742186
60.216118491269015, 5.331852131603476
60.21210511622986, 5.325864908801197
60.212913808743046, 5.4831095289152225
60.2255753277211, 5.171547848961534
60.20278904622787, 5.393047721913889
60.21945118180193, 5.280772265809801
60.194259477772334, 5.374129359391779
60.78524845307289, 6.193332708898801
60.157264826145614, 5.306480661581455
60.1673018602549, 5.346333575334234
60.18481361538547, 5.198112097383637
60.21905331045024, 5.323798627086175
60.21240469369316, 5.476080258694262
60.20603148129198, 5.2919591079667
60.19874892905915, 5.19391574981565
60.19127920641179, 5.188989019453046
60.19724135356274, 5.366071897153286
60.211984159477865, 5.275822664507911
60.2336579809675, 5.376744440424002
60.19672611812817, 5.3590484017628555
60.18830852290955, 5.197060069128629
60.213749224872615, 5.396991533072488
60.21189520876962, 5.469051242184757
60.21139181016806, 5.462111449649617
60.16946761544654, 5.231323669993437
60.17891472965159, 5.214234597632736
60.22501643913923, 5.307749922506249
60.20483420738111, 5.421062303943996
60.208146341406696, 5.17681352378418
60.2096424988275, 5.340955232477548
60.22152039058882, 5.308791730458755
60.2345452130649, 5.3407419009869015
60.208202107941474, 5.3700060764197435
60.208397485655794, 5.470075329961404
60.21893131603433, 5.273745807020177
60.198778338051994, 5.387055003882661
60.21509038753362, 5.317887697460294
60.19322952126816, 5.360083563380359
60.187392184385025, 5.426191258615073
60.209527362389345, 5.290916161208396
60.22176319911432, 5.4088971211107815
60.18319578559492, 5.320195148934132
60.214164653722044, 5.353881866577006
60.22162916624821, 5.358849900724269
60.20614609659268, 5.341992859953348
60.22538858389959, 5.121402389363997
60.219570526035106, 5.330826161183402
60.18278391648478, 5.3631744185473265
60.63872571828206, 6.023547639943205
60.21534864478904, 5.468039868462329
60.24123407607758, 5.0951094532451275
60.15479732997373, 5.321457745639482
60.16534481787107, 5.368329483787351
60.1940297870553, 5.130921028176124
60.19701206689256, 5.266031931409926
60.22208070918548, 5.172604178336192
60.230675632723305, 5.384810301689261
60.2295418909912, 5.320677534639652
60.86988212432428, 6.344942461069183
60.209415942138016, 5.484132162162325
60.21647483510009, 5.288842702406491
60.185144432762435, 5.2981850057025275
60.22460992087507, 5.350784131604068
60.20227521131021, 5.386022479742504
60.233149645578635, 5.3698019364995115
60.183713009663286, 5.327214944551637
60.204321845958255, 5.414036043348383
60.20628597932359, 5.3920156680991855
60.22419582646487, 5.39390756390655
60.21595541192883, 5.281816710718426
60.19868110156614, 5.337030763260469
60.22449797361878, 5.300721706260036
60.212808269404604, 5.433072940598966
60.221256604920725, 5.401956472080901
60.22666444704147, 5.378813830672745
60.20884349246262, 5.427060388670164
60.22254951664111, 5.322758520789287
60.21869214561031, 5.366901110287716
60.22022932223151, 5.387897972903695
60.20562954073749, 5.334967963665677
60.20371927408675, 5.356977309142945
60.212213585426056, 5.375998247031244
60.22615625487551, 5.3718727630454195
60.2268608758191, 5.479029418802301
60.23417246589493, 5.383776205820579
60.163043003073405, 5.240418899436726
60.21323554337814, 5.3899638651547
60.21560134760125, 5.324825314620265
60.201402002386985, 5.472122744217946
60.22234402955617, 5.465990429575189
60.214680251137885, 5.360908982687472
60.20717157301501, 5.355954492619874
60.75635887135116, 6.186821171700161
60.21715166997037, 5.345906537821649
60.19029226408214, 5.36812742398786
60.22677472399736, 5.23557168541079
60.227692757125915, 5.39287470797788
60.229030643880584, 5.313737057441557
60.203302511642576, 5.400073219754779
60.22973845364288, 5.420910525547611
60.78037107473253, 6.172877591235172
60.23063834211009, 5.191482432175282
60.20011438566516, 5.307987673861007
60.21476898817111, 5.4109586701351065
60.17182962323712, 5.359333641381925
60.17079832813191, 5.345298036630296
60.20678653152634, 5.2058534335649735
60.22410027302776, 5.343844075296597
60.23660206041786, 5.368779251040415
60.21262218707363, 5.332890999646264
60.23608676867073, 5.361747277522541
60.223681928755205, 5.386877724386074
60.190806986133886, 5.375149733871824
60.20217745617836, 5.335992920969659
60.18720927010084, 5.326176686302913
60.2382696413592, 5.103201308768922
60.23128185427767, 5.10532934190287
60.150272671209, 5.30855859342649
60.22074314846526, 5.394927094522182
60.218630313564304, 5.173646879742568
60.19971355491904, 5.351077928541423
60.2080980560126, 5.319968061816083
60.20781899494096, 5.413006159365831
60.159327347903606, 5.334449324510835
60.21817684521253, 5.359873010891078
60.15760813698717, 5.263460485630245
60.22540228929312, 5.264627036550713
60.219865228580915, 5.48107645444263
60.22486693995444, 5.1144669529813855
60.18267819251779, 5.313175610501001
60.15519644434233, 5.278516085813523
60.06768480788263, 5.108778358647421
60.15467678839873, 5.271503390081896
60.20114992952923, 5.322034238530226
60.9906681421816, 6.509523921399068
60.22259930019778, 5.179540248685119
60.21107642305502, 5.311902429673853
60.215710337161, 5.374963984850083
60.77969724507984, 6.21667067811795
60.826694424313246, 6.174541847742499
60.22285372897254, 5.473021619562414
60.77875723619871, 6.202426015081977
60.2292259585135, 5.413878938547355
60.21663526540107, 5.338879206060858
60.221906691471986, 5.2656734515332095
60.20534619919378, 5.428088819527799
60.15221330850885, 5.286481528947357
60.157087671914866, 5.256447592520297
60.17211770200497, 5.559357566873799
60.193744684168244, 5.367106333299644
60.219715126246484, 5.380869107396516
60.225922671026154, 5.271654688368007
60.22214453831801, 5.365878717673343
60.219207076337426, 5.373929466306501
60.22111342448562, 5.351821340656056
60.17192452997052, 5.2163339470320995
60.226351474644765, 5.471997246848673
60.22227592061407, 5.415927006802203
60.19713620512903, 5.316050836599018
60.188596137363746, 5.29715678491557
60.1818423161494, 5.206180716036977
60.20526430737155, 5.378052918822219
60.21302323074567, 5.289872956046002
60.18679556971601, 5.36916135111813
60.217661175171145, 5.352845168287506
60.21698732085688, 5.295780011184399
60.210668119668796, 5.354918307991494
60.19132133891174, 5.382172299670676
60.18731021931316, 5.376182935781169
60.2257288118437, 5.414909621326281
60.21342255389257, 5.490139052676294
60.230576389644256, 5.334737220553804
60.171314160143815, 5.3523157109299335
60.2177595770536, 5.402988092257391
60.21884634335207, 5.467015276047553
60.16277943900135, 5.333425978449799
60.225534535056475, 5.314778397003402
60.211641011791635, 5.175758237187436
60.23752474789389, 5.332671273046292
60.888541484578816, 6.303331507129493
60.225338021902, 5.458022672110718
60.23424646440624, 5.097239464350326
60.19528145226836, 5.388087272271055
60.19402994724361, 5.274009009226725
60.21127186397858, 5.411989061468314
60.19805135157723, 5.136880303101835
60.187719656801676, 5.33310859142069
60.19272051713016, 5.3531499407787395
60.17907071043944, 5.557343956080267
60.220603848423316, 5.344882001893584
60.21250387978487, 5.282847680944969
60.213655220276344, 5.346943953320881
60.20900808454949, 5.283891611712023
60.990215848073746, 6.502394425402733
60.21272149223196, 5.382936453170933
60.77828366977884, 6.195258683527937
60.20176751814166, 5.379086415689543
60.22862229173885, 5.356776679315957
60.63824325761787, 6.01641490312709
60.20474966573981, 5.3710274592707
60.20577207203941, 5.384989699762061
60.23700753864087, 5.325639856051222
60.20679951705501, 5.399041892194322
60.12222220719722, 5.809200387589112
60.216732439069, 5.388931047040525
60.23005932518478, 5.327707248681802
60.200632342225404, 5.315010827381446
60.214262536688494, 5.40401945675332
60.225641179969294, 5.364842962375824
60.23031440499907, 5.478018482519081
60.196821414721605, 5.40915940963467
60.21787889910911, 5.116591436052597
60.2131388884315, 5.33991734787639
60.15273215916597, 5.293494014030896
60.2278321678218, 5.106379501193314
60.20511261549582, 5.327943324584987
60.223363058366175, 5.480053063523783
60.23299380392929, 5.319649831917517
60.21826609988422, 5.409928023378754
60.21015875796312, 5.3479811117764795
60.204695894607376, 5.177855195966147
60.155314342634675, 5.328471512391881
60.20731268520678, 5.406068371876603
60.20935518670663, 5.434087885766013
60.15078379302606, 5.315482359301938
60.163564346957955, 5.247432724170782
60.2224269999235, 5.272700377245158
60.19455708557136, 5.137939142878106
60.22316766124505, 5.379848141064493
60.21159422811312, 5.318928008500285
60.17839154977499, 5.207218201022269
60.164170987170586, 5.5973082693231
60.18525593672676, 5.348187003279515
60.18146445960593, 5.4422764242953505
60.19827071636773, 5.380119656548025
60.157776091760006, 5.313405854948838
60.22661893839984, 5.185510614933618
60.20871682113623, 5.3770322529387204
60.2032100549084, 5.350041537433366
60.22736990689406, 5.486061844646511
60.223323675861295, 5.236607967459234
60.806967478214055, 6.252876246441589
60.21789706851286, 5.259782600985371
60.199197512899964, 5.3440542174710925
