60.39318423840837, 5.415617485502858
60.30072306434762, 5.7156107597702555
60.348554312936294, 5.58695923681562
60.36501620248902, 5.618132899786526
60.2244334150829, 5.744558688344133
60.33950795900723, 5.510600159925658
60.28924826528155, 5.654338273122162
60.34452246322738, 5.530660485860788
60.31765025502893, 5.7538658888615855
60.38619006965071, 5.417691956437253
60.347545374065774, 5.572838350961041
60.33259173048114, 5.763915774478525
60.368748696355, 5.422860504847834
60.35251284556892, 5.593016267614222
60.33007946229473, 5.779034003264582
60.30506835368262, 5.477579856998842
60.25794038855848, 5.319405179541169
60.32003419958646, 5.487586626098632
60.31961525340274, 5.286664227529441
60.3294637877033, 5.47040943986274
60.28128298576236, 5.692496632640184
60.33352054242749, 5.526672400000193
60.78916535089964, 5.675365532649338
60.33048341691758, 5.484518307368741
60.37544604162291, 5.564706131914042
60.32601038718883, 5.471425245620207
60.372758641186806, 5.428887229064344
60.282949765628246, 5.36932444199883
60.2827695230039, 5.713553523300893
60.30962765163357, 5.540853264964428
60.34443029353457, 5.480419327554677
60.19157739588611, 5.582318938845273
60.223474727309, 5.680410222928523
60.304675837178976, 5.721675601993094
60.34805002960366, 5.579898667174533
60.39822008187064, 5.435783691014592
60.21052953921321, 5.648327583362514
60.22945663080288, 5.714503980527158
60.20948521139844, 5.734457594752512
60.26633721105231, 5.682493718818389
60.365455177714146, 5.5748312665553
60.34502934201703, 5.5377192842982295
60.329973788137295, 5.47746374573614
60.322002471145176, 5.465401227388586
60.3454425667552, 5.4944457273199
60.20543249790403, 6.193133012211358
60.32606105095, 5.5216505271355505
60.36713618510871, 5.063764009022629
60.25337165570385, 5.700489146260762
60.28470125691104, 5.791922723346324
60.34948977872607, 5.550740145617893
60.37924011813155, 5.419752274334074
60.272793640431836, 5.673452303309965
60.31964393198617, 5.58095444204698
60.31602700181796, 5.481561585368122
60.347928050780254, 5.479390691432038
60.37940565132035, 5.570765074163848
60.32501938125515, 5.119755648777249
60.50593833282783, 5.851313406087138
60.35298825092389, 5.549718829284336
60.172631438585746, 5.616372728648071
60.324543462406126, 5.500577459928771
60.351467825636306, 5.8304069247629755
60.32302255732092, 5.479506668973896
60.31013381678963, 5.547904743323168
60.2573469070068, 5.656417927275484
60.29261099580748, 5.115325342987213
60.21448482092614, 5.65436821875073
60.350999784476706, 5.5718323804896155
60.31754747744175, 5.502627996438658
60.21100629266858, 5.705414646659448
60.312969628668256, 5.439346365449313
60.36926141560988, 5.429922312783464
60.314581518471634, 5.122939738583756
60.24538796341938, 5.588197561083465
60.215976425350185, 5.675379979018278
60.29024798286732, 5.668437325077939
60.25569465299052, 5.09789009768784
60.21500342108833, 5.711449881339882
60.567242001389175, 5.862771667748071
60.521494462568555, 5.615796078356728
60.348940467026715, 5.493418550730687
60.21495051206765, 5.124573142857615
60.29274781691216, 5.653330517250349
60.31514236953501, 5.567953627634567
60.3415693524138, 5.739835713817381
60.40789304519312, 6.030177034138532
60.31308275241045, 5.489626575888894
60.352008864144274, 5.585954718507438
60.295238367160756, 5.688494432132079
60.3265683162441, 5.528705154801855
60.28079782766413, 5.63528715713779
60.258593256836676, 5.928181515485136
60.28478292459115, 5.6914932788166785
60.37407872241753, 5.061628936132526
60.32608474680037, 5.772970098625467
60.31315893178919, 5.7407510676665785
60.207015218767, 5.699469889932623
60.35601174506002, 5.5919993548245515
60.29424704762195, 5.674481669756321
60.28923441903264, 5.7046024585792345
60.26983705753748, 5.681489903749864
60.32251269999652, 5.472453820303367
60.34192243426489, 5.107474451526863
60.514929639887384, 5.827122584087469
60.327639510054155, 5.298577972332436
60.265838400934236, 5.675448926502249
60.37931876053884, 5.470147537298751
60.2982160795301, 5.73071718124407
60.36445118383863, 5.560792981098656
60.386421661022894, 5.669459961680468
60.31914586081895, 5.573989528826634
60.33600987821282, 5.5116251050809675
60.3165363437283, 5.488613223649816
60.3290579595985, 5.51366126458915
60.28626967172526, 5.712552359243287
60.30601915745768, 5.441395978019914
60.34944934379585, 5.500477537084916
60.328041436400106, 5.499551809120935
60.215483803185975, 5.668435168451435
60.290973217457775, 5.38133586383158
60.574200623585085, 5.86079071276954
60.30958487201292, 5.490652666294393
60.3389996688243, 5.503543112155987
60.39902016277391, 5.061174225494683
60.35024465960565, 5.0761676534413525
60.353455880239714, 5.50651081620826
60.31850484360386, 5.466430279210544
60.313632280931564, 5.546884751654295
60.31800078004495, 5.45946793424324
60.30612924673481, 5.541873735961206
60.332640998389444, 5.318608523004532
60.285778656082364, 5.705591908707115
60.312662984036706, 5.73369502148947
60.47938471996981, 5.931004220732641
60.40536827436494, 5.685554031431565
60.348983568722524, 5.543680115947573
60.29391074672389, 5.3732673690691275
60.33200363850869, 5.505594215545812
60.323098438193426, 5.579950465943334
60.21945235163195, 5.724534787332364
60.2688389252323, 5.667399104763078
60.319015000417124, 5.47348213923077
60.33098623004762, 5.491483821506954
60.31855975251867, 5.128932141756185
60.27728475266762, 5.68645226174448
60.277783035035974, 5.693499737119693
60.32867734604301, 5.312678892658162
60.339548655938586, 5.761932573593084
60.38079481612207, 5.246624923757943
60.307593392159305, 5.125070139804068
60.33296145026754, 5.469380356641451
60.33550165982759, 5.504568791429102
60.40259959099789, 5.952554087472598
60.32206171220364, 5.5157093772666
60.396902575684884, 6.02601221325172
60.34304277831713, 5.559827918906383
60.35900650848992, 5.583919168107685
60.285254692042166, 5.648386579827896
60.32508870240458, 5.557856439075541
60.32659722086444, 5.578933366966138
60.353494160270756, 5.556779848418834
60.30106079461703, 5.471558694302953
60.30951653446884, 5.440364770859769
60.29475091751105, 5.631260654665383
60.32555984204928, 5.514685448286879
60.33645910043392, 5.4683510173986045
60.336048043205885, 5.762930612624348
60.316117744984254, 5.531758870834299
60.35695389960125, 5.505484598041033
60.28676661316955, 5.719602293660716
60.29740742700994, 5.372229390224418
60.34552943960842, 5.544688980513423
60.32058488857531, 5.544856926502343
60.37197019122195, 5.616116023740621
60.25883881298613, 5.6774572721346654
60.25736918055492, 5.706531128733235
60.31463828094924, 5.761831369361527
60.36701697397695, 5.646305048386156
60.31358521244836, 5.496588488952958
60.30171639146071, 5.729717226073992
60.25088530687614, 5.665368915703754
60.336603897530765, 5.669404072676372
60.339053704381016, 5.754870405136453
60.33251178511134, 5.512649795253477
60.35799714352811, 5.569793887487573
60.340517001367864, 5.524625682739823
60.341988931587736, 5.495459650910577
60.36844880420959, 5.566747158463464
60.26482230735864, 5.711586837935255
60.2812988414128, 5.642334353500391
60.899119474003975, 5.927960226953465
60.34097679955288, 5.481434691865084
60.268322445914464, 5.710586191028935
60.355003267397855, 5.577875038648073
60.45465338141869, 5.829906104874995
60.35449847009533, 5.570813260877219
60.34147982579538, 5.488402379691121
60.27548534590327, 5.364345935503136
60.337018778036196, 5.5256491686888545
60.20848984046754, 5.13371562524583
60.301695062439286, 5.679445613421276
60.27729845134018, 5.63629635273039
60.35947873394791, 5.54061319794355
60.8270237771419, 5.6569348710773255
60.31348119419546, 5.446396471950835
60.31214837569164, 5.576023917256569
60.32108449277831, 5.551821557460627
60.342497665495245, 5.502517177637694
60.32159013279561, 5.5588757306312395
60.879704111634155, 5.904311555653753
60.32104547608549, 5.501602855671785
60.37079354300951, 5.903959642282772
60.48305997743603, 5.8289640977719825
60.337525885534625, 5.532706243546037
60.29674754234669, 5.6593733778548145
60.265339219600946, 5.668404383702327
60.164149299303205, 6.161488930704984
60.33347152273475, 5.476435396015932
60.30201652679289, 5.4354684747184425
60.389687160297264, 5.41665485017279
60.34595137163107, 5.501503979126316
60.331495120145156, 5.498538890905806
60.423293974898115, 5.737981134557313
60.223938101474815, 5.737521640617512
60.286748278123, 5.669443364713035
60.331440761282714, 5.110678156866626
60.324582990965375, 5.550801532124302
60.33398122349803, 5.483490691238573
60.323532043091426, 5.486559773226956
60.26134001999172, 5.662365851473851
60.33696924494955, 5.475406790447558
60.496041489981046, 5.810882418883923
60.378628938556986, 5.074577229031295
60.31646698092929, 5.438314648741153
60.27231331193682, 5.716542860902748
60.317130732851425, 5.545864506311317
60.32559404204643, 5.56491159961953
60.39719460247536, 5.421647546876549
60.30070272584191, 5.66543045084009
60.17560214058086, 6.172622769650276
60.31195187099672, 5.425336155697169
60.317038873816124, 5.4955758510941735
60.32362420992032, 5.29257575947837
60.3330131347204, 5.519616313901094
60.34203101462623, 5.545710526554656
60.353999697392055, 5.563841121676693
60.42230663506183, 5.723911326495068
60.323576865946855, 5.536781774299879
60.312063839180404, 5.475525001546757
60.302692237283196, 5.693551041530836
60.24975837171552, 5.113990344071759
60.29760736767699, 5.472573210646366
60.457125972514866, 5.814744830760703
60.32652031651627, 5.478478827447407
60.33849100677995, 5.496486319631499
60.31663252070516, 5.294670692084178
60.337981972901034, 5.489429782525788
60.2952522133592, 5.638310772426586
60.33651129864646, 5.518592348469367
60.36495016720124, 5.567767290499031
60.31614512516392, 5.581971038341144
60.237399435297874, 5.726508152577025
60.31662442472664, 5.538811561604942
60.324083316195185, 5.543836176760328
60.29870730452454, 5.637313840937627
60.31564712433636, 5.575006849532814
60.329092670839344, 5.563892788513544
60.30968503206866, 5.296751334525854
60.33747901771099, 5.482462819433673
60.45612061112394, 5.851083379581802
60.39203344125407, 5.063325166808876
60.349995616581154, 5.557800429497169
60.35989213073308, 5.849551122182065
60.34102418051372, 5.531683491979684
60.4641280858076, 5.812749825075584
60.27979313322869, 5.671441967177535
60.27828094596043, 5.700547461752261
60.31500720366387, 5.4674590751925125
60.250391991267456, 5.658416914981736
60.281780966982694, 5.699545090028047
60.34843121827276, 5.486359820060867
60.36049121099891, 5.554737923803558
60.33402757829362, 5.533728740648412
60.35810590780823, 5.32541228626093
60.30867267246782, 5.727729234954524
60.327029874239656, 5.485532664946008
60.24989198251103, 5.651376034153153
60.271479614257615, 5.358433446324258
60.29220056940945, 5.7467301399363
60.32159518408164, 5.759849167666345
60.30208001891275, 5.485655364343755
60.219942056152966, 5.731481551000322
60.36099689104825, 5.5618006682712675
60.26082496761509, 5.7055429149029875
60.26157789161944, 5.081708573783047
60.28619572306932, 5.124479448830525
60.31952478575361, 5.480534254917854
60.352481969378196, 5.542658064447305
60.420334139420305, 5.746051792039211
60.28528097612213, 5.69854246913335
60.29324793208069, 5.660380651094724
60.27329259047686, 5.680498550487902
60.334484107650574, 5.4904569297681025
60.18050700736039, 5.8284348643198935
60.229410697320446, 5.12736580737684
60.36200074480164, 5.575837509564505
60.29730099100618, 5.322054083121084
60.27629339279954, 5.672447260131387
60.30557785212954, 5.484629051751669
60.23984883493683, 5.124194087070306
60.341530987691186, 5.538741555772072
60.28026259315752, 5.728651623531006
60.30914747508103, 5.584003472584237
60.32403471511991, 5.49352384826024
60.30569292105837, 5.5850064535768285
60.32209540106586, 5.56593015730642
60.312646306194374, 5.582987381824261
60.3061891429169, 5.297797893508423
60.34000945028041, 5.517568128226263
60.30121991384224, 5.722663868467367
60.30373079573232, 5.312934374894261
60.40064746075857, 5.420623531683287
60.35150451043798, 5.578893422741165
60.34046695477809, 5.474377928942012
60.35294730362417, 5.499450839532868
60.30079713770118, 5.321010491470467
60.31763026739512, 5.552828422201685
60.30907567299225, 5.483602484019713
60.323070043981005, 5.529727625950708
60.24538218491137, 5.6884986900105305
60.320536800637136, 5.494549977251926
60.563256108479685, 5.856745068288757
60.32609900986426, 5.571967013582616
60.28696161054941, 5.375329422599538
60.22242238723673, 5.129487935684123
60.38220423325128, 5.217415909028528
60.29722289270448, 5.716612182960621
60.284753979872775, 5.6413384096019845
60.30619217535527, 5.692546930115245
60.31002802870218, 5.447414154434796
60.29689201015013, 5.365184288139439
60.32260029756235, 5.572984837312565
60.27867919610917, 5.11957107645915
60.299598930803974, 5.1131941542119606
60.35699269174454, 5.555759013217124
60.328549883854926, 5.506606409365001
60.309658515909476, 5.741750306046257
60.2685651432964, 5.0795728947232375
60.29970214944353, 5.6011377657351975
60.321553779949944, 5.508655989067788
60.34392037764307, 5.473361839814735
60.29372270920914, 5.717613357154128
60.338032621114984, 5.539763572867191
60.325051838058194, 5.50763132666211
60.366014152926084, 5.63217375481052
60.355980357787864, 5.541635758475493
60.355507692394966, 5.584937070021938
60.25169583664332, 5.880010982959249
60.29071915289718, 5.725665189755471
60.34354810206334, 5.566886995958066
60.33499306963122, 5.49751273293363
60.262338612922605, 5.6764532240332475
60.3524383549466, 5.492391118457054
60.368471056363646, 5.61713100974674
60.36014937472447, 5.065911615995728
60.346541346273284, 5.558807842595496
60.300205067659164, 5.608188337397584
60.32550008628421, 5.464371919637696
60.347046741430916, 5.565867654644941
60.358502012186925, 5.576856400951958
60.329559239294134, 5.520627067838067
60.214984497261185, 5.6614015691025
60.3564867108908, 5.548697258653301
60.29774679897855, 5.673475863152673
60.24732082520867, 5.129111996766938
60.32007850984881, 5.5378032576471
60.35050108226106, 5.5648609674113505
60.30566228058408, 5.735694719004083
60.17662587750147, 5.622301120050918
60.298738258515534, 5.6874900832266775
60.312573481497374, 5.482575661059197
60.49290453797613, 6.3454789873603
60.28379202309917, 5.677484869028608
